4208
8039
6704
3327
3118
1048
1274
5755
5340
9515
8565
2169
2731
7676
1827
1063
3529
5308
2746
8174
3459
9253
5271
0637
2615
2501
2851
5120
5017
8529
2944
7492
0719
6547
7340
1822
3310
9103
2281
2766
1667
2750
1377
8476
4441
2908
8623
0712
3255
8583
2575
9430
2907
1390
4531
9403
6463
3866
2630
2021
3706
8646
7865
8516
7631
8953
6351
1957
3604
2974
7737
4861
8432
3013
9283
3626
3392
3576
2629
6170
8378
7716
8009
1958
6820
6719
8157
0576
3078
6416
4271
7232
7477
7996
3189
1620
7112
7868
1147
9467
2229
7394
0171
2860
1268
1631
1615
3673
6454
5079
3396
8308
6505
9706
0846
7695
4802
0198
4334
8603
0030
6390
7614
1321
6655
0598
6142
8534
3018
9433
1791
7496
6115
9345
9199
7544
6620
4989
9791
6387
2652
9146
8758
3214
2892
6816
2962
6097
3012
4928
5069
5555
5738
4824
3158
3958
9821
3232
4013
5393
0565
5724
3369
0498
7964
0944
7157
7670
8435
3234
4921
8643
3309
3859
2818
2179
6689
8734
7449
1627
1524
6960
7225
1343
0202
0758
3710
1196
4049
0067
2641
7651
1965
2002
7404
8746
2616
5791
6584
4651
7599
3471
3819
0510
3723
7623
5783
4226
8605
6118
6204
3868
8514
3411
1118
3228
9131
1358
5488
0580
1973
7517
5045
1236
5430
4999
4103
2582
0006
1944
3590
4111
5037
3106
1906
3857
7644
2470
4352
4380
6361
8049
1517
5454
7894
7072
3296
9324
0091
2876
7881
8640
9800
0586
4216
6137
2255
1813
0315
8607
7095
6693
4600
4915
3919
1000
1491
0316
3747
2954
7588
1285
8808
6608
6136
6730
7361
1883
3939
5706
8807
7935
9757
3671
9054
5530
0552
5434
9481
2195
7916
8413
5772
6751
1778
3986
0245
7268
4392
1188
7341
1453
9712
9187
6908
5985
5833
0279
1664
5277
4158
3297
7974
1315
9542
9819
6903
5237
7048
5771
8995
8539
8222
0209
3238
4788
5796
0196
3916
5619
3837
4609
3909
1154
1433
8873
1748
5093
4624
9877
6632
1959
8243
0790
9209
9213
3910
8278
2780
7758
5980
3989
5261
8315
7741
9254
7068
8427
1167
4817
1505
0835
8569
9486
1855
3174
1243
3469
0128
4252
9110
4568
5188
0159
9432
4932
4598
5572
3287
0636
9058
0052
9437
4311
4181
6802
9461
9667
3053
6120
1810
7601
8897
6940
5214
6459
4757
7141
2089
8355
8457
7412
7606
6386
9660
0357
3261
2987
9809
7963
7194
5826
8444
3198
6335
4061
6452
0158
2571
2177
6520
1077
3212
4106
2785
5561
0789
0046
8204
5862
3974
8910
3693
4658
5316
8851
1576
2937
8731
6433
1624
6026
6051
3518
1401
9073
0512
3553
5591
9273
9340
1629
3179
9509
7159
1352
6471
8721
7104
8494
2558
8224
5858
0074
2903
4614
9308
7348
5643
3746
6475
2462
4988
9411
9945
3269
4660
2180
5278
6159
4148
4052
5569
7209
2091
3026
2726
8552
4080
2672
1276
5042
6621
9532
3536
3132
5613
7571
2505
3570
6702
7976
1280
8440
4858
5402
2275
2504
6473
4512
1003
7983
1547
4349
5483
7288
0223
8360
4279
2078
5829
9044
3213
1295
0940
6573
2205
4330
0933
9420
7889
4411
7040
5300
2262
0838
6720
7585
6852
5074
5026
0566
0577
3498
7538
5404
4242
1435
9302
4864
4133
5347
9295
4075
8153
5126
6521
9624
8572
8809
2998
0118
6935
7350
3657
0384
0474
2727
3262
1922
5600
6307
6213
8275
4983
0829
0568
7520
3547
1520
9356
6944
1266
3735
8960
9243
2682
6559
9741
1945
7542
6818
6859
1037
8201
8778
1735
2042
3487
7356
1541
9636
2263
8490
1809
2085
2856
7942
4995
6469
9269
7201
5431
1178
3505
3332
6845
9225
6784
5015
4487
6486
8143
6598
6270
1359
5541
0556
8956
0967
7541
1297
2991
7078
4043
3011
7969
8029
7470
6246
7289
6761
4727
4135
3511
7180
9558
0921
9849
7317
5804
4496
1308
7377
4041
0435
7887
7521
5734
7319
7908
4119
4741
2074
1475
8313
0874
2728
5694
9389
1912
2206
8693
1751
4735
7163
5172
7710
9721
8187
7448
3083
5650
2793
7619
4573
3107
8012
3496
0275
2741
7713
6238
0295
6866
6352
3808
3810
4803
6022
0400
7085
9085
3913
3014
6512
3941
0418
1419
5924
6311
3652
2742
7917
5206
0803
8110
1878
6169
4849
3802
0426
6641
2832
2023
4245
3885
5996
0917
6503
8915
3567
6674
0663
7513
5317
6407
5238
4936
5871
5185
4481
8209
3854
1747
1538
4623
4880
0164
0608
8352
4395
2274
8615
9780
6959
8972
7056
9803
6294
9264
7082
1749
8722
5676
9868
1040
0024
7932
4059
9116
3679
5765
8271
2534
5210
4586
7256
1220
8870
5218
8328
6772
4678
4169
5602
2488
0533
5013
3495
9565
7648
4116
5679
1630
6624
2517
8796
8674
4952
1219
8564
7849
5286
4547
5328
3493
0950
5263
0097
2113
1995
9559
5311
2840
1301
5008
6507
8847
2332
1183
8492
8340
9223
4675
4867
2814
8942
8342
0119
0429
4260
3472
0445
1543
9898
7216
7418
9377
0336
8470
5425
2233
4771
9539
4728
5766
7628
8714
1328
4947
7036
0028
1604
6951
0290
8411
7381
4237
5412
3629
6879
9139
8872
9703
0618
9853
7000
6223
7516
1018
9497
6425
2993
1184
2977
0217
9641
0075
2799
8803
0327
1424
6254
6053
0934
1584
0238
5992
2106
3591
3523
4982
2709
7054
9083
6014
1985
6412
9826
6063
0056
0363
7792
1563
3799
9210
3192
8957
7575
6890
6807
1354
8683
1366
8337
4924
3349
0038
5335
9740
3160
2521
1529
7310
5213
4839
9482
3208
5876
0093
9080
2808
7396
8813
3463
1207
7643
9974
5471
6444
8855
1523
0599
3861
8601
4397
5897
8506
9118
7328
0270
6020
0339
1216
2145
4515
2047
6881
6013
0364
4296
6429
2725
7191
1151
6875
2174
2677
3503
2555
6671
1012
5731
5934
7872
0312
3169
5151
4560
4626
6832
8699
5085
7624
8711
3849
2918
8771
7184
3585
5953
0207
4180
7073
3814
8301
7062
7500
9732
3344
8048
0012
5710
3927
3641
4310
2167
5921
3997
6101
7242
3380
4141
3977
4427
5041
4434
5051
6532
5243
5240
1009
9797
8614
5005
0191
9082
3445
4584
7910
5727
4229
5341
2080
3870
7011
4554
8986
3283
6613
1337
9444
1412
8819
2971
8422
6369
5451
2659
0087
1465
3181
2478
7692
9485
7051
0624
9578
0530
0702
4700
6848
6591
8196
5722
3022
1731
5319
4101
5405
7028
4223
2665
4474
7966
7912
2542
7540
5225
4664
5960
0878
3833
7281
0150
2125
2253
2076
5095
4981
6256
5493
6633
5697
5220
7596
9535
4819
1632
1066
2508
5031
6441
8115
8258
6007
3372
2853
4010
0674
4579
1901
2346
3300
0066
7155
9362
6554
1526
7699
7869
1885
8973
1974
5348
5351
9169
2355
4424
4300
7791
1346
5818
5468
4493
9989
3881
5342
9141
2846
7106
0375
8500
8850
9347
9060
2511
9477
9886
7986
0177
9145
1670
4852
3347
1858
6568
7105
0428
8381
5586
2747
9125
9075
4193
6822
7461
8382
3333
1226
5781
6933
9320
0646
5776
2014
7204
7786
9856
9390
0308
8207
9488
4435
6283
4588
7425
2268
6856
5714
5073
4456
0898
6366
6276
1409
0951
9246
8811
4174
6080
7205
6032
8269
8239
2528
3313
1227
6464
3836
8357
5523
4882
2826
7314
7126
2711
3788
4986
1564
2436
3088
9813
2056
7300
8546
2428
0340
6801
8992
6886
5690
2485
1311
4699
6888
9056
8869
4192
3256
7120
1779
2331
8535
0447
5907
5491
2003
7595
5760
1866
7083
0466
4022
0833
2483
4639
6823
7666
1625
5599
3776
0194
8679
4312
4821
3770
4036
8885
5200
0888
5318
7701
1488
9000
1527
8983
8507
0446
8070
7015
6752
3401
8776
0206
2564
4611
3546
9617
6135
0890
5581
2067
6304
7971
7148
8103
0427
5521
7806
5799
9778
7420
1415
5914
3733
1796
7883
6900
8451
7329
5057
6293
5440
6489
8369
0219
9241
4594
6939
2418
6002
1044
4037
0289
9335
7998
1025
0284
5140
7031
7856
5478
9748
9566
5367
3781
9581
7518
7900
5378
0411
7364
5528
5677
8208
7707
6153
1590
6262
3374
0563
1983
8032
6167
2973
7433
6678
5562
4878
1804
7514
4437
1080
1611
7978
6258
2411
7926
6171
1873
0836
9495
3230
1661
3931
6250
7362
7458
0596
6589
7819
8480
7462
6564
1281
0041
7067
3535
4478
9863
4228
2723
6870
6155
5696
4005
1562
5403
3551
0420
0765
7645
1987
9291
4987
0536
7943
0929
8459
0924
8780
7360
3393
6957
2685
3126
1641
8215
7815
1351
6760
3988
7378
1420
5813
6516
0801
2699
2608
4659
2266
3303
8488
9805
5423
1900
8400
7408
8784
8750
6618
2917
0221
6647
2338
2891
3175
4359
5036
0269
6028
9718
7717
6919
0494
6996
4096
9680
7303
1136
4436
9783
2576
2722
0381
6874
3139
5230
1969
7119
5762
5745
9786
6139
0324
0325
1793
7128
4113
9182
3659
1824
0880
7876
9470
4369
2539
5458
5737
2506
2220
2570
5456
3170
0294
5226
5712
1487
0600
0188
6593
2837
8690
1375
1979
0700
4431
0045
5773
7528
5088
5845
0997
4690
9782
5563
2379
6498
9062
4944
5732
8521
9730
9351
8256
1164
5173
7605
9130
7415
6781
6417
2636
7867
2613
1141
3650
1834
3555
3756
9818
2568
4536
8007
8550
6563
2448
4469
7094
0691
7931
5196
0714
6828
5534
7025
4460
4175
5071
4079
3614
8375
0405
7723
5179
5542
4818
1485
6930
1079
2512
4761
7733
7572
0267
5989
0126
9272
7808
0452
2069
2151
2061
0892
2787
3321
0665
7836
3073
1955
1384
1720
7848
3925
7240
1187
5656
2836
0090
4910
8486
9862
9776
9514
8971
4787
1190
4318
0644
9517
4768
8532
0035
9327
7285
5875
4109
5282
2343
7777
3397
4303
4616
4422
9280
3534
8940
2810
0019
9230
3739
5883
5891
4835
6355
6817
2911
6409
2906
6027
6973
3003
4834
3254
5364
1721
0330
2217
0523
5494
1054
2310
4244
8348
9496
2154
5699
8341
4979
4854
4454
6373
8235
8744
9949
4829
1977
0907
0639
9138
9425
2592
5939
6728
0242
1795
8229
1402
1293
1279
2166
8621
2732
9287
1248
2758
8968
9976
3140
2644
8479
0557
0105
6108
2140
3027
7296
1608
2036
6748
5115
8163
9501
0738
8688
6406
6737
5006
9333
5384
9235
1076
1157
1628
3732
5154
3669
5616
5994
1976
5039
0666
1988
0419
1365
4578
2849
0303
7888
0043
3618
1825
5010
5687
1770
5945
3727
7457
5718
2625
9541
7386
9689
5607
6003
4900
2515
4097
9801
4098
3688
6824
5337
3280
0766
2090
1766
5951
4777
8233
7330
9105
4992
6291
3480
9672
8926
8465
1537
3755
3464
0440
5453
3978
8061
5290
8284
0943
4154
6500
4649
1394
2584
0946
3633
7451
3021
1862
3892
1684
1970
5392
9382
4902
0744
6068
6266
0448
7263
6918
6442
4576
6393
6105
8302
0089
9905
5332
9150
0754
3482
9872
4350
8881
3915
6703
6950
6179
7290
8712
4374
2437
8005
1929
2783
9765
2894
2469
8726
8883
8782
4171
3466
8515
2754
0018
1926
7222
2207
6358
3784
9123
8816
6697
2601
1057
3982
9393
0698
2533
1773
9534
8354
9790
3839
6402
4912
7034
8441
5349
6565
4911
8708
2007
8264
6325
1643
5824
3630
6733
2927
0276
7171
8653
6394
5841
1240
4156
4024
5444
6906
3807
1210
4470
7331
9379
9195
6077
4984
5486
7306
7213
4919
5948
1438
5828
6596
0704
9239
0034
8654
5257
4942
6922
4760
8705
4963
8698
9731
3786
4524
1658
9842
1996
8242
7914
1454
6561
5113
4974
7005
6449
5882
1613
0989
7759
7063
8701
2579
4976
3610
4200
8220
4806
6717
8964
8252
9410
3104
9692
4951
2621
9694
6690
8822
5383
2086
9717
5413
9828
9911
1095
4159
1907
9447
5222
1182
8593
3301
4605
6995
5518
7090
9217
5116
3848
2948
1860
1555
7474
3615
5138
5594
0597
7228
8925
3097
5573
7603
5901
5893
7124
0236
8390
9361
4060
1495
8349
2875
8246
7190
9179
7837
1652
7437
5294
6700
6174
8177
6646
4698
1413
4691
0682
2302
3586
7102
7233
6985
4848
0241
1606
2417
1806
2051
5918
4467
0104
7913
9222
8930
7453
7744
5363
5842
5873
7646
7724
2353
6555
3638
2957
7480
3728
6421
9642
1498
1473
7302
5637
6682
8498
0849
5159
6928
4238
0927
9762
4897
3113
9212
9107
3240
7403
3685
0795
6861
4056
9746
0778
2502
6679
0781
2476
3738
4669
3716
6042
1694
4338
8145
2238
8687
3477
6177
0296
4438
8298
8589
5119
7283
4224
4526
8962
0407
8085
3741
9192
9793
8919
1363
1881
3033
4288
2745
2492
4704
0864
6362
0010
3009
5926
4038
5740
9261
0660
4855
6631
3983
4372
0441
3655
8014
4121
3961
6692
5620
3704
9408
0187
3422
3491
8074
0408
0136
3950
2683
6636
8557
1071
6969
6224
9728
3563
7683
2896
6310
3090
2740
5081
3202
2669
3242
3901
1570
3595
1021
7509
2012
4464
1022
7566
5629
4477
3642
8837
5249
5395
7435
9784
9773
1856
4409
3279
1838
2211
5107
6755
5577
3760
9855
3501
4063
3568
8887
7756
3962
6037
3159
2121
9747
8391
3949
4497
1522
8639
9383
9236
8547
1913
0212
3405
2786
3350
1730
4115
5689
6336
1124
4488
2383
1455
8397
6216
6744
5610
7727
4740
0824
4791
4433
6057
0360
5153
7254
2459
0218
8888
3813
9663
6913
2370
2743
2820
6085
2904
9151
0256
8306
6551
2529
1914
3917
0749
4641
6312
8141
4913
9051
5632
8907
5208
0589
2800
5834
5680
9050
8519
2447
5372
2915
3115
1867
8146
9977
4341
8362
1098
9649
8647
2871
3231
5506
1507
8786
6128
0506
8261
7562
2859
2597
5253
2362
2868
8637
0811
9115
6619
2092
8764
8969
8730
1847
4104
0525
0828
1896
9524
9546
9274
5100
6842
2244
8977
2314
3532
5407
4505
6296
2744
0355
8025
3635
7134
0854
0630
2617
2134
2079
2643
4267
2292
1780
6453
4893
5741
2190
1916
2041
6562
1558
9664
2916
7590
9148
4307
0190
3601
2606
9306
9165
6182
3780
3404
9537
3632
9063
0615
0001
5127
9547
1754
5274
4832
1592
5198
5904
8047
0673
2947
0648
0081
4107
5728
0483
2550
3388
4358
3858
8620
5055
9490
3243
4797
6709
1392
0671
5999
8191
6681
2199
7193
5886
3603
2899
9545
5809
9445
6004
2921
7955
2461
8976
7295
1272
3897
8791
1695
7349
3320
2934
5736
8612
6367
2703
8464
0211
0611
5269
7817
8513
9825
1597
4417
8380
0409
3473
5567
1298
2460
4811
3183
1477
7431
3994
2077
6288
3252
2242
0570
9317
9671
3757
1940
2202
4383
6143
9516
4705
9627
4450
7211
2360
2070
4218
6147
2013
0300
2679
9910
7269
0499
5603
5538
2358
1528
0857
6725
2132
9046
4686
9907
5370
1376
6210
0813
0049
6835
4301
3754
4779
8324
9492
3890
6385
4934
1310
3908
4204
8604
1869
7409
5258
6926
4895
5662
5094
3731
4289
9890
2633
1640
8350
7318
9072
7602
9575
5105
5756
5976
4266
4212
4274
1542
6379
7479
3209
6075
5872
4094
0115
7166
0728
7993
8255
8899
4077
6380
4018
6370
7944
7656
1571
1129
8458
1081
4520
3677
6478
8300
1678
6999
1479
4750
3793
2264
1935
4235
5546
8549
6667
3442
6357
6047
1051
0377
6328
5902
0717
3537
8194
6443
6992
0635
0521
5028
3582
0526
6626
2510
0449
6432
7406
5401
5927
4275
2361
9395
6643
4032
1675
0069
0341
1052
3752
9417
7524
1344
2403
6644
9090
2797
9824
2457
9037
6716
2842
0338
5597
3612
5070
2475
1835
1582
1436
0460
0376
6981
4843
1719
8531
7363
9446
3362
0974
2599
5164
0358
8056
4621
6531
5585
2171
4775
2271
8055
0757
8990
6915
8913
8901
3831
2133
9726
8277
9858
6168
2259
9014
0262
4138
7043
8504
4412
5584
1811
8016
2569
2698
8452
3486
6544
6360
5913
7936
0298
6715
6706
7697
4164
5759
3850
6495
0802
6121
8766
7339
6372
2215
8445
0988
8736
7023
2554
5642
8325
6377
3408
6525
0057
7958
2484
6847
4486
7455
5750
4459
5837
0743
8861
3258
8561
7456
1460
8742
2150
5903
0011
1464
9973
9032
6988
9794
4776
3064
6232
5860
5566
4876
8460
5649
4262
9722
9586
1016
8267
0100
9556
2063
6054
9687
4507
9289
2254
3953
6788
4683
7077
7824
8978
7507
1893
0382
4889
2978
4404
6140
6893
8472
8045
3439
8508
0825
7991
5065
7801
1612
8386
0973
5044
0333
8094
5467
1904
3545
5775
3509
3697
8232
7659
1851
8537
9831
9158
5598
5247
5433
4734
8370
9522
5675
1361
5605
1319
6017
2870
5505
1137
3215
4721
7103
7537
5928
4479
8041
2733
6467
2015
0953
9042
3694
7794
4545
4256
4153
7379
0414
1324
1784
6785
7482
3565
6034
8024
2288
5175
2422
9892
4752
6173
1938
9844
2496
3640
5839
9645
2950
6148
9632
4946
4076
2250
0027
5099
3750
7049
3878
4361
6815
1941
8994
3410
7402
8310
5840
4617
8126
6497
2182
8431
6239
4697
7176
2887
4355
0603
0131
4901
5806
6575
2946
2552
3730
4198
6299
6506
1595
5626
1701
6391
6839
6389
7536
1665
7977
4540
6747
7556
9646
1691
6821
3173
7125
0585
0163
5162
1249
4068
7238
4870
0475
0964
3715
0914
7212
4996
4282
1909
8932
3852
0784
6672
3886
5409
9349
5148
7224
2386
1023
8335
5807
9018
0085
9955
4446
5406
6424
4071
7188
7208
4789
6218
3598
7842
2446
8453
9479
9865
2848
1468
0631
5515
1551
4930
5570
6819
1561
9137
0952
4736
0146
5190
4214
0513
8138
4451
7906
3176
1560
6648
0532
0088
1214
0721
5083
4339
2351
5279
3147
5410
4384
1131
5621
8087
8853
4309
8114
8077
0491
5713
2719
8959
1073
4466
2824
3556
8367
6229
4827
6734
8616
0909
1619
4927
2997
6477
0606
7183
4448
1902
1120
3745
0985
3206
7485
0718
5298
9391
7016
4429
0693
1693
1841
4596
6280
7392
8648
7577
4299
9397
2942
4769
2880
7989
2788
7357
4016
0509
1574
5899
3089
3298
0814
7930
1288
6862
6605
4977
1307
5997
2590
1877
1699
4217
9464
7632
0868
4064
1637
1854
3302
9972
1404
1672
3574
2535
9653
7855
7012
0505
8318
9860
5477
6718
7121
4637
1828
9005
4292
9629
2156
2300
7721
9899
9594
9851
5805
9887
4400
9942
8713
2580
9104
4694
6242
0432
8296
0370
1579
2591
7921
3583
0444
9067
4297
0604
7037
1925
7243
9852
6896
2377
7901
6494
6284
2072
6067
2456
4720
2913
5011
6320
5863
9119
7447
3796
7347
0371
6073
6343
3918
1172
4362
5935
9571
0094
6052
3421
8027
8696
3122
6046
4961
8417
6492
9279
8596
3675
1038
2560
2477
4926
3017
3460
9002
9639
2925
4964
9658
1654
5595
9651
5543
0031
2210
8657
8446
7746
0623
9990
3791
6445
5224
9057
2048
6065
8579
3328
4012
2449
8548
8188
7383
0883
4997
8838
2596
2434
5108
9068
8554
4254
1953
9368
0314
3935
6528
4421
9164
8401
2714
8975
9659
7255
2172
0390
0923
3432
2101
5080
3419
7740
1598
4685
8179
9428
3538
7305
9700
7530
0610
8931
3902
6349
4969
9866
4070
4676
0662
9180
3342
4511
3976
7871
9675
0042
7276
4538
7368
8336
3324
0210
6048
8223
3058
3768
4899
3811
0144
9268
7372
5091
5184
0283
9330
8545
1923
2466
3827
0954
0767
7831
3964
7835
8694
4233
5027
0827
6539
1138
8568
5936
0680
5368
0984
3295
2611
0053
6359
2126
6762
8667
0152
0347
1594
6793
0831
3338
7380
7738
7529
5892
3991
4813
2756
6161
8137
5529
7911
8160
5259
1165
6851
5480
5408
3584
8625
4014
7582
1950
1572
0936
9378
2369
0253
9422
2559
5371
9555
7594
5990
9967
1668
0529
7074
3912
0036
0386
9159
5130
0971
8245
2294
9128
7468
0748
8120
5448
5376
2173
3970
1271
5129
9359
0760
2380
1849
1710
7107
2798
1614
7239
5970
1253
2945
0106
7489
8908
8035
4672
2619
3114
0920
6695
4550
4386
2347
0863
2344
7149
0149
7503
3871
4227
6508
8371
1443
0359
5984
2572
4715
4259
8570
0733
2474
0025
7781
9450
7434
0009
5975
9736
4957
1470
6251
9613
5726
1919
1769
7660
6982
9593
5426
3448
4782
3294
1783
1306
5895
9971
1096
2075
7236
3060
9808
9568
1130
6348
8237
5197
6742
2328
7192
7630
6790
1099
6586
1895
7046
0132
6338
3541
5969
7636
6803
5436
5216
1028
0527
5254
8281
9996
3943
3895
7014
3500
6688
2776
9648
4376
0179
3416
3572
0192
4633
7249
9245
6731
4073
2782
7725
4956
1221
9043
8326
8152
2926
3524
0421
5233
7515
2964
2522
7050
0676
5352
0634
1062
7812
4500
2019
8092
5227
1303
9167
9552
0655
5663
8571
8935
0401
3370
2239
4179
5297
8681
9149
7199
7017
6898
3441
7615
1716
3375
8805
9244
2452
7231
7140
6079
6347
9557
4668
2897
7878
3235
5823
7617
5792
6112
7226
8840
6016
3098
9723
9372
6398
9055
5774
5785
7825
3860
9677
5655
5615
2384
4033
1512
0204
7118
2771
7949
2421
4062
3821
5034
1153
3492
5769
1933
4321
0949
9094
3468
2938
4093
3275
7592
1286
8106
8396
2175
6533
8553
1633
1189
4523
9438
7732
2729
8820
9854
5850
9183
6141
0114
9380
4385
7491
5950
1725
5947
6150
3517
3193
5024
6976
3660
5285
2057
2990
8591
6538
3341
3006
9414
8945
7076
7021
6844
0023
8344
1518
8158
2008
3742
3775
1007
3656
7553
8001
3698
0317
7682
8329
6339
3616
4152
1768
7950
2400
7487
8415
3124
8398
3722
2161
8755
9767
3306
6396
2430
3717
0982
6872
6095
8481
5388
2183
0627
6825
3314
7573
4090
7853
4329
9683
5711
9271
6953
4709
4388
3340
6635
8015
3589
5608
9630
2366
1647
6610
2524
7013
0251
8602
1264
8338
3402
5203
1798
3896
1437
2382
7467
4583
3451
8443
1726
2861
5536
6849
4298
2375
2538
9434
5673
3329
3305
3560
8710
9184
7214
4378
8008
1763
1169
7859
7561
7587
0234
1733
0225
2189
9084
2208
2431
0707
8485
2032
1217
5866
7968
6710
7597
9312
6290
2661
2270
7279
2333
8788
7940
0994
4399
4504
5855
0852
2334
3800
0193
1142
8544
6970
3045
5782
5861
2116
5622
6234
6158
2413
2730
2111
1905
0773
7344
6012
1458
8860
8394
8673
6330
8669
7766
5654
9134
2059
1534
4000
6536
0685
5234
8618
8833
7271
5593
9601
9290
4375
0518
3825
8566
0991
1091
2879
8691
6321
5132
5575
3687
7253
0970
3942
0745
6603
0055
4185
9708
1585
8672
2385
6146
3485
0116
8804
5574
8082
7763
0941
1317
0415
4145
8938
6267
9815
3428
7092
2623
6356
8292
9621
5957
7857
8102
7830
6470
2336
2105
8984
9743
6965
0461
7522
6178
1671
7548
9603
6243
6187
7374
0683
2279
0559
3762
1717
7776
3336
2352
4108
1049
8291
5933
9529
6614
9707
2147
9811
2865
2024
3963
6518
1727
4801
6585
8181
4351
7579
1790
0484
3779
7174
0544
1015
5353
7570
3278
0026
1761
2112
8091
4251
0703
0195
4933
4746
1776
9454
6411
3631
5966
5387
7810
8594
0575
5415
5473
0274
3233
8542
5077
2011
3869
4786
2671
4344
9768
5158
4559
2168
1273
4607
2131
1299
4533
0266
4528
2471
8632
9257
3709
2373
7454
3643
1649
0642
6124
2884
5797
8046
2862
2902
7988
7576
7778
0540
6675
3620
6588
7384
9841
0054
3926
5336
9838
0752
5618
9357
8578
7663
9109
0899
3540
2893
4440
9346
3069
2044
8939
2439
2451
3029
2565
8078
1741
2359
6768
4072
4535
0080
5124
1121
6211
0304
6413
1108
8062
1316
0834
5635
0040
0507
6245
4837
8319
2043
4160
4567
3787
6241
2943
7952
3047
8366
9373
9795
8923
8827
3204
2222
1853
2604
1666
9140
3211
7770
0248
2835
0103
3260
5289
0780
2160
0487
8814
7179
7527
4714
9525
4034
5168
8663
1723
2784
0942
0826
6546
1309
1340
2144
6334
8454
8656
8952
7580
2053
4514
0750
1698
8821
2432
1817
9985
6750
1683
9758
7920
3651
1521
9891
6231
5788
1086
6871
1509
7709
3389
2628
3510
7866
2406
5938
9398
8334
0142
4582
0003
6056
5701
2135
0215
5698
7273
7918
8624
5469
8131
8399
5321
4426
3076
6998
7634
5144
9710
1410
6133
0268
6346
3945
9061
0392
2992
1014
0535
9957
6315
1993
6300
4754
7691
0470
3803
9168
0239
9931
0830
5915
1373
2940
7767
3712
8917
8834
1036
5991
6934
5715
9174
2561
6932
6405
5531
6460
7030
3251
6446
9178
0911
6649
7604
8658
4246
5339
0092
3146
7525
2531
3907
8577
4019
4176
2282
1500
1416
1962
9489
0679
3119
6399
4343
3607
7353
5825
5422
7772
7389
0520
5399
8424
3875
6422
5967
2139
3701
1069
6607
0884
5280
8133
8828
6579
6176
1422
2188
2761
4564
1466
9091
7858
5820
1857
5133
6611
6627
4215
0939
5359
7684
8753
4313
1797
8392
1511
7312
8936
8198
8368
3765
8965
8666
0002
6208
8155
6829
2767
4118
0095
0260
6127
9328
8406
0374
2620
9684
1414
5744
1050
7122
1868
4340
4762
4629
3373
1400
4472
2490
2609
7066
6260
2622
5937
4264
8119
9038
0167
9076
0172
7113
4765
0272
1489
5260
4519
1002
8365
5864
0681
3658
1645
1772
7413
8996
5832
0841
0516
4029
8560
7275
1503
7583
8799
4203
7578
7564
0905
5334
6264
5526
8523
2890
4128
3789
4027
3040
6511
3822
4040
9375
4601
0684
0554
0422
6487
0079
1374
1423
7961
7843
5400
8071
4081
7879
8540
3703
0756
8135
4719
4293
1634
1442
1173
5645
1135
1027
3337
8273
5544
8985
8880
9354
5033
4219
8162
7286
4591
1192
9353
7197
2809
6895
1839
1931
4187
5156
7654
9735
4206
0659
4501
3131
9536
0573
3533
9298
3619
6663
9606
8762
1663
6865
5877
2612
1771
5211
2545
3042
3512
3580
3244
1333
5648
1752
3290
8450
5770
5810
2394
9518
3450
4110
7886
8426
2350
2888
4939
2309
2031
0877
7172
8660
6106
6045
5596
1250
0117
8274
3024
9947
1257
7532
3888
3085
4494
0007
3427
2256
6018
4462
2026
6195
4439
6318
0564
6961
8283
8767
5305
3163
7609
7099
1380
3383
4640
2813
4278
0948
4396
6009
3093
5082
2060
8290
8023
6414
4644
2640
8715
8875
5630
8184
5705
4177
3832
3681
5520
5537
2751
6708
5681
5633
2184
5078
5030
2225
2304
6652
6474
2970
9238
1229
1238
6962
9251
6658
9543
6997
1836
8403
7481
3130
5754
0870
8491
4042
3440
2129
4199
8858
6185
1144
8013
8638
1371
9237
9181
1578
9959
2280
9197
3973
2251
8166
5857
4004
5659
2707
2393
2693
7555
6799
9439
2869
8921
9772
2416
1715
9766
8109
9607
5968
4414
8168
3683
4095
7414
7780
5908
3039
5025
0178
5764
2289
8520
9908
0735
9745
4285
0847
7799
8121
8379
4844
7787
2364
0227
0323
7041
0992
7438
9033
4316
1743
9926
8664
9820
7809
2662
2712
3557
7506
7024
6138
6743
2388
8641
9903
1197
1449
6787
6527
6183
2291
7084
9259
8610
0769
3049
9424
0706
0692
5932
0694
2598
0258
7934
5315
6601
4794
0417
2543
3699
6542
7018
8312
2204
6308
6116
7135
3759
8248
5614
0881
9338
8044
1676
7834
8189
6154
8010
3609
3479
0039
0799
0753
5786
6157
5716
1814
4859
8288
7247
6491
2969
8493
4783
3186
6587
1155
8789
1593
8629
6740
0059
0916
5946
3525
3736
6000
9764
3462
4428
0607
9822
6713
1254
1575
4645
6894
7010
6583
2245
7220
5880
7245
6694
1729
2562
9602
8347
6660
8980
2960
3331
0759
5262
1742
1222
6904
2772
5757
1444
1061
7206
1744
2753
3461
1718
0567
2829
4398
8588
5295
4263
4277
0913
6727
0148
0481
1225
1407
6468
6924
1357
2834
8060
4403
8954
7864
7629
4444
6775
3360
1255
9304
2863
5729
2939
2453
1978
6192
9419
9709
0490
1662
8846
9538
9282
9074
1918
3992
8073
1370
9233
1082
7862
3713
6830
5590
1439
0096
2194
7851
7130
4868
2789
7827
3099
0385
0471
2976
5489
4733
0485
0465
3911
5511
6098
8525
0138
2267
4020
5500
1244
8662
4985
3795
7731
0925
2395
6899
6397
5189
0543
1682
8221
3519
8447
4941
1807
0184
9025
0667
8139
6044
1034
2320
2396
0297
3249
4862
1032
4365
8878
8466
6963
9052
3291
5988
5264
0281
7919
8483
9086
9300
2005
4250
7060
6287
7591
8351
4461
6578
9960
4002
5256
2708
4589
6248
8331
8739
5178
6685
6837
8330
9208
4236
1964
1711
2650
1546
5183
4580
2232
6094
8054
5578
7788
0147
7237
4249
5125
8218
1697
0208
0354
6912
3144
3227
0720
6756
7753
2198
4828
4666
7814
0739
1692
3971
0155
5446
3052
7569
6226
4074
7785
2959
4360
9920
4149
1430
2330
0592
7680
6021
1122
9493
6515
8590
5061
9734
2710
1448
5725
4031
5691
9048
6771
5739
3205
1722
2873
9114
6876
3928
5287
6650
4562
2654
6263
1859
8582
4994
4280
7774
4991
7909
1657
5580
3387
5266
1515
6670
2049
2216
9020
6190
8867
1150
3044
8627
9873
4840
0278
2647
9669
5439
1928
1429
3216
1246
6855
1610
1688
6629
8752
5346
9696
8327
8706
9588
5000
4764
3399
6987
5007
3210
3922
1072
9650
8377
4846
1396
3921
3702
9401
8212
2252
9011
7338
8101
1265
8190
9343
8418
1554
4423
2479
9927
9202
8871
9874
6581
4178
4767
5059
4006
3348
9369
1403
3444
7100
9579
6683
9644
0770
6955
5986
0174
0977
9426
2137
0394
6081
7443
2315
4860
1956
0885
5704
6145
5460
9505
3606
1348
0581
9508
8806
6984
3959
0633
4009
2717
1232
8249
9693
5763
0590
8937
6479
1201
8598
3007
6306
7533
2635
5139
9147
1123
3571
8599
6937
0232
0181
1457
2081
3613
9969
6332
6481
3684
2949
0796
1601
2301
5019
1504
5365
1174
4571
1180
7061
8309
0832
3457
8792
3194
3864
8682
3056
8011
0343
6604
0653
1084
4949
4273
5495
6485
3148
7534
4408
9878
7123
1980
4476
9655
1951
6423
4305
3924
6654
7896
9121
8262
8902
1820
6795
8862
7531
7248
1237
4521
1513
9157
4656
3676
0579
4091
8779
4058
2066
6061
3447
3987
0051
4905
3562
3600
0696
3588
4654
2935
8471
7365
2237
7870
3430
4748
1089
0966
7274
8076
1774
6858
1345
1514
4978
1152
3361
1428
4670
2581
2922
2914
9752
4484
5310
6972
2972
4167
3898
5900
3955
4197
4083
0955
5391
3497
5382
8727
1794
4295
8874
0723
4265
8129
2791
8868
8633
3993
6764
9879
3316
3587
5187
1808
9750
6809
3319
2716
2595
6297
5023
3152
5142
4615
2425
1765
3351
4625
6616
2763
2045
8132
2287
5143
8206
6797
9823
4883
6419
3311
3236
1175
7464
5568
7669
9521
7366
3424
8933
3061
2162
6212
0430
0622
5284
6622
6570
2345
3874
6572
9100
6978
8787
7690
4140
1418
4320
3245
5360
4943
1149
5747
4157
0406
7854
1600
0496
4527
3804
5194
5682
5118
6991
5379
9913
7735
4896
5671
8966
8810
6225
4039
2110
8997
8527
4308
2312
3364
4035
5885
0840
2737
5708
3954
6130
8574
7235
5265
2318
9583
0785
7070
3041
0645
6811
4241
1581
0000
2035
7219
6974
2033
6595
4416
9231
2706
1894
4393
5683
2323
6476
7217
5047
6834
3101
0937
3873
9705
3289
7933
2214
4793
0910
1360
6501
6942
1656
0246
5109
7373
5827
3066
4917
0771
4315
0186
0321
2409
0583
9453
6410
9840
9416
2397
4869
0403
5217
4131
0265
5821
6164
9224
1482
8830
2765
0776
0713
9172
8905
7543
7089
7863
7586
4085
0271
0928
1287
7622
3437
2624
8505
2618
3080
6249
6327
7554
1262
3835
7939
5867
5800
7182
7229
2290
6259
0658
3008
7057
9211
9456
2610
0436
4498
6269
9374
2718
7844
5524
8723
6833
3838
2303
3357
3932
5484
2790
4026
3376
3798
3539
9615
4798
5149
0033
9096
5811
9954
7145
8421
0621
9193
0244
3578
9027
0337
8655
2322
2833
2152
0060
5869
3726
4689
2464
4243
8628
2857
4518
8108
6265
6340
0362
6524
5002
1846
0397
7147
7069
4468
6869
6344
4381
9816
1006
8555
7702
7736
3095
1792
3664
4892
3143
2762
3157
2367
8100
9668
2651
4162
4612
9814
6645
0160
3475
9316
5962
0845
0947
8879
3891
0015
9771
5978
4017
8294
9943
9008
9448
3315
9950
1041
8072
9026
9079
4011
3398
0859
5195
7081
1930
4144
5854
2631
9948
9294
6569
5420
3834
6331
2724
6945
3625
6220
0162
5221
1202
8363
5702
5288
3425
6810
3636
0249
4284
8225
9966
5472
2389
4773
7346
9022
6295
2912
8227
6594
2605
0531
6450
3128
0524
8276
4569
8659
8613
3355
1724
0073
6436
6571
8150
8086
5441
5476
9592
8611
4502
1762
6337
2445
7293
7611
0368
5874
4516
7326
5169
3308
0086
9065
4331
5049
8118
2812
9936
9626
8038
2831
3893
9004
9252
2968
8684
3281
5959
8774
7821
8125
6277
6341
3696
2124
9983
7992
0657
2159
0185
9647
0818
6371
5373
8903
9498
6668
3307
4980
0302
5556
4231
5686
6430
3203
7154
0109
1008
1788
7198
6189
3092
7246
2130
0388
0332
6025
5998
4610
1876
9600
2299
8989
9625
9724
0130
3794
8794
2648
2197
8988
2526
8409
3729
4965
9161
3948
9909
4826
9589
2500
7957
4602
6466
7565
7584
7177
8429
2680
0926
7133
1621
0555
4205
8425
2881
6838
3054
6889
3409
9031
9258
3449
6461
0122
6383
7146
3359
3219
4332
0675
5623
1714
0628
3823
0472
6843
0224
1968
6023
8036
0747
7371
9560
8757
7547
0686
5001
3153
9678
1920
2806
2801
2981
1712
7535
8042
2020
5887
2146
7301
7568
6271
4213
5205
7890
2083
3644
1168
3134
4541
4025
6567
6545
9540
1899
7165
3334
5547
8149
8361
1826
6510
7501
7551
9133
1111
7704
9576
7354
9929
2986
4718
2028
7167
9511
8650
1967
0649
3071
3250
7504
8205
8772
6066
9435
5380
9714
3220
9979
1078
7598
1880
8751
6062
2055
9452
7860
2536
2226
0772
1494
0328
7445
2660
8199
9228
4387
2775
0068
2356
1492
9196
0113
2088
9292
1127
8738
3663
7065
9917
8567
3325
3879
6921
8781
1300
7803
0511
7987
6967
8111
8775
2246
2240
8595
4795
4102
1204
9634
5941
9384
7168
3271
6602
8606
1461
6738
9460
3182
2407
6096
6286
8886
7218
2495
4196
6209
7022
9204
2305
7039
3312
7923
4168
7975
3346
9845
5793
5397
6863
1019
3929
6191
8323
5527
3520
8180
6303
1471
0489
9034
4804
5322
8214
3569
7087
3268
0161
0808
0619
2426
1350
9124
0856
0469
9727
2108
8127
6841
3880
8929
7469
6317
9319
7880
7287
6923
2001
9882
0334
5881
9551
0226
7129
3443
8584
6612
9847
2930
2941
0145
2816
9512
6368
3030
0741
3456
9436
8095
5565
8866
0062
3554
8172
3395
7475
3806
6103
9066
4270
8124
5961
0979
7627
3761
5958
6878
2218
2141
3385
7581
8402
5498
8037
6669
0213
2900
5417
5475
7715
8477
9494
6434
3611
1083
3514
1242
7962
0286
1982
3805
2128
1700
1476
0762
2755
0431
0876
3218
4990
4881
7885
4147
3597
8893
1469
8002
9941
4875
0775
2027
1170
4774
7001
7142
3032
7904
8099
5135
3043
7186
8790
6072
1991
5641
6086
4276
5497
5255
6457
9177
2261
7995
4572
5836
5056
1101
4711
4906
6236
7985
0353
6552
8510
5519
9069
1325
4201
7042
1148
9510
4566
6936
6206
6005
0020
1539
8573
0572
3264
8950
1544
4283
7175
2381
0425
2235
5548
5703
9837
9216
8823
7196
2778
3051
0746
9265
1450
8754
8895
4904
7098
5667
3573
8144
3034
6947
0768
7200
8081
3668
8783
6767
1545
1058
2402
1386
1865
1085
6739
6064
6285
6252
7891
7840
7210
7309
9017
1669
1097
5481
7471
9299
0383
5780
0968
0306
9749
5516
0788
5215
5911
1984
9612
4506
0495
8709
7779
9040
7292
1499
7761
4268
0180
9064
4766
6640
8034
7227
9332
6566
6634
0486
3708
0102
2203
8321
8743
7712
7708
3237
9869
1577
3653
6326
0705
9113
5853
9153
9404
4553
8462
2109
3390
6015
6699
6289
2241
8442
5735
5313
5831
1596
8090
8410
8835
5819
9654
0797
9876
4838
9053
2094
8467
7333
1961
4565
8164
2016
2022
0853
4202
4151
8084
2844
5695
4389
9504
2518
9070
9012
8439
2854
7898
0166
3282
8295
1045
6653
9998
4681
6990
5096
6437
2480
8389
6946
1206
1332
7264
3109
5111
6576
5916
8967
7429
4696
7800
9914
7045
1326
1915
2532
5851
4708
6786
6798
7478
2858
2514
6599
3356
8737
1497
5166
0725
6910
1764
0602
9226
2213
1304
1329
9487
6400
5250
4143
9336
7600
6196
8383
5685
5720
5652
2520
7472
6860
6384
2779
4087
8812
7688
2317
1406
1706
9041
0875
0774
8700
7574
4597
4799
3882
4050
2759
5314
8841
0650
9045
4127
3639
1588
0860
8718
6909
9293
1336
0391
6205
5870
2401
5779
9341
1567
4595
8346
2374
8575
0978
8619
8482
8272
8924
7298
3247
3689
2901
1506
9859
4129
8970
0959
0528
3678
7446
9503
6247
3112
0175
8316
5644
3777
1042
0380
2852
1686
9956
9344
5358
1160
1948
3692
8763
5784
3412
9788
0629
6529
5296
9633
5550
1864
1125
7215
4642
3431
9144
2530
1843
2878
3259
3059
3719
6901
2905
5072
4078
3446
9286
2955
9214
3851
3265
4195
0307
6891
3184
1616
9623
5955
4126
3508
4413
0963
1583
6732
5816
2627
0008
4674
4738
1553
2593
3188
6215
5723
0996
8006
4717
0291
2828
2142
4449
1990
3057
9392
4306
9427
9939
2018
8165
2491
9993
3980
2200
9455
3647
5459
8088
5859
8069
8169
8083
0935
2805
1599
8268
5219
3979
0497
3474
2390
7700
8677
4744
3286
6313
8843
8475
1837
0613
8210
5251
0257
1104
3070
7450
0983
3384
2738
3120
1177
9981
1478
9036
8946
3990
4865
5949
5350
6791
8829
7839
1536
5553
9108
7618
7875
1388
8702
5428
5583
1383
0697
5147
4770
7075
0342
5374
9620
4655
9682
8802
9175
7754
4647
9789
6707
1651
9285
6897
8645
1020
8434
3845
4447
4410
8558
1387
2578
6058
5822
2764
1947
4873
5479
1586
0932
1532
5868
7882
3649
9843
5003
0292
5032
9777
9686
6917
6502
0029
2675
4888
6907
3004
6701
7332
6198
4707
3277
1510
7903
1659
6257
8852
4593
5241
7385
4055
3749
9499
3172
9423
8581
8631
2577
3809
4682
8517
5647
2473
2454
1819
7397
6462
5609
9367
1898
7395
0503
2841
2686
4857
1568
3478
2557
5812
3956
3812
1636
2319
2872
1320
8707
4619
0022
1335
2980
9035
0335
2178
3035
7852
0553
1943
8018
0690
7689
9884
2463
6036
1385
2516
4575
4046
2688
4604
9451
2638
3680
5917
1176
4688
6931
6711
9186
0651
3965
9263
9407
0493
9412
6814
7752
9580
9861
1398
6778
9697
8448
7316
5103
7790
2158
2100
4382
8551
8075
5381
0534
1848
7686
3782
3905
0522
2298
0433
7979
2363
9733
5355
5084
5246
0134
4546
3263
7954
2296
7841
2553
5437
7136
6322
0037
4587
1447
5161
6117
8282
6630
4367
7764
0044
0199
8287
8528
9704
4975
5802
1128
4371
0373
1746
5490
0810
8116
1399
5972
0687
3467
0887
2444
8741
4847
5419
5276
0908
8652
9533
2030
0137
8670
0125
3133
4319
7143
9078
9760
7907
7020
4150
3229
2148
1861
9530
4574
4638
5815
1863
9474
9127
9281
2657
4255
5940
8538
3285
7679
4509
1456
8496
6180
6846
2546
3797
5325
0282
9897
4057
1550
9143
6696
2639
5761
7032
2674
8898
1755
7956
3317
9520
6031
6782
2694
7019
7719
7560
4525
9738
0668
9093
1193
1364
0912
0595
6929
8438
8844
2792
9442
9519
6765
8203
7729
5510
3082
7376
3661
4809
0764
2843
6789
0922
5965
4146
9207
0243
2681
1162
6606
9458
8770
4960
1818
4021
0309
5535
7747
5624
1709
7304
1994
1917
8303
2372
5160
9761
6448
4650
6949
5089
6392
3225
0737
7829
9152
7833
1195
4532
0288
3767
4272
1799
7027
8556
5097
7421
4007
9570
0076
9039
5890
7667
8031
5134
7625
0798
6504
0591
7265
5835
6083
6827
3135
6836
2404
1690
3695
5060
7144
8058
9314
4592
0763
0689
3382
9013
5327
0322
0508
9963
5117
4112
2649
6365
7108
6741
9751
9350
3414
3123
3352
4653
2193
2656
3522
6197
8436
4257
0897
1782
3455
8756
3815
8635
5022
4324
0915
8661
7661
1874
6496
7223
1191
1059
3141
3266
5235
1156
2071
6968
6166
4842
2311
0893
5661
3622
1105
7722
8825
8123
4856
0656
4117
2099
4328
7922
0816
1290
3100
6364
5331
3906
6305
4136
0815
9867
7797
7650
8286
7895
0349
3507
3872
1010
6091
1821
2802
9968
4871
0722
2774
9386
1452
8186
4634
4759
9191
5576
6451
9834
4163
3627
6892
8793
8211
2673
1087
3178
0165
6482
0804
3489
2212
4166
4551
9478
0398
0993
1903
5369
5038
7984
2455
5281
4124
9587
6114
0958
0822
5040
7476
3957
8562
2689
2684
9500
8533
1559
2120
1031
0176
4918
6580
5104
9270
9227
4891
0742
0021
2874
5086
5692
8385
9284
1635
2307
1623
9729
9812
4325
0463
4570
9176
3521
5386
7055
2523
5631
1557
6877
7626
7430
2316
9126
5533
0842
4807
3413
4825
7277
4716
0582
1992
6329
0812
9763
3724
4406
4346
7924
0688
1247
3217
3526
2327
2326
9986
0453
2073
6040
8167
3423
9431
5666
8944
3207
5212
2819
8105
3299
7244
4812
5248
6812
3766
9099
5848
3506
2348
4492
6122
9462
1067
1372
5636
2339
1215
9307
9388
0396
2494
8991
4189
5202
4723
8832
5165
3156
8128
7720
5983
7158
7706
2285
4726
4836
9970
4814
2953
8372
3038
7284
6625
4657
5964
9544
2589
5301
1075
7649
1580
6534
2769
4067
2984
7994
2666
1451
9024
5343
2994
1132
0594
7267
9415
4490
9994
8891
8949
5092
8051
2192
4345
3142
8759
7711
1496
9928
6754
7510
9459
3637
5930
1607
7967
6920
2586
5186
6975
0157
0903
4954
1889
5589
7639
3904
5141
1934
8894
6006
9889
7058
4542
0173
9296
9218
1208
1702
5639
2748
9918
0412
5922
9077
5507
4053
0779
8463
2103
7657
9719
2979
6237
5487
1296
7897
2811
7765
1331
1760
6553
8384
6721
3400
4606
3801
6617
9608
0855
8079
7980
9610
7783
1474
8729
7071
4885
1053
3087
9995
1064
5449
9984
8230
3682
8178
6272
1750
6401
6543
9010
1480
9619
5753
7750
6615
3023
7960
9198
2563
6090
4781
5721
8795
0539
7006
2704
5223
9661
7483
7647
3187
6093
5021
2297
0250
5742
6134
4739
3753
0848
3552
5508
0254
2995
1445
3670
9699
4923
8563
0329
7345
8724
2468
5557
1472
6214
9215
0457
1110
0111
1890
6519
9937
5209
6513
0108
2839
2010
9203
9628
4458
4993
2412
7400
7526
0182
4548
4186
5485
4322
0677
9938
9670
7951
6885
6659
9864
2243
2690
3377
0664
8089
0348
1223
0462
6850
5443
6705
7558
4099
0643
1708
5525
2408
1952
4030
0437
9171
8857
5889
3415
6268
5979
0378
3785
2209
0617
3257
6104
4636
9802
9992
8238
9774
8117
6123
9574
6342
6235
4894
4673
0938
6388
0252
3865
1395
0488
3339
5307
1056
7442
1732
0732
5396
7297
0434
2547
1508
5942
9418
2376
0794
5852
1531
0344
3273
1921
0734
8856
5838
4845
6181
1756
7502
6129
2093
6202
3714
3481
2920
3748
6033
4314
7029
7523
9413
8320
2525
8586
1888
5552
8865
3531
1349
2936
2877
0326
1060
3899
3936
1133
6673
9598
1831
5509
5366
4784
1159
3720
0786
6938
2329
2082
0709
9988
8053
5304
1408
6941
3985
6509
0477
4877
1323
4405
3476
2847
5909
9946
8112
1679
0331
9638
1103
9232
3002
8098
4631
0255
3465
4483
3599
0455
2781
9596
3758
4808
5375
6597
1530
1936
3763
5098
7202
9219
1417
5743
9360
1251
2736
2825
2632
0237
3952
0819
3274
9806
1146
3067
4635
0805
8576
1740
5338
7321
6712
9163
7938
9463
9190
2777
5102
4373
4866
8728
1533
0478
9554
3330
0350
7004
7798
4207
7677
3884
4823
9817
0727
7390
4247
1516
1411
6780
1291
8695
1026
3222
2450
5717
0107
0230
3634
5993
7096
4959
6275
6665
2149
4281
6082
7337
3711
8530
8608
3180
7589
6577
6522
3019
4667
8080
3270
1673
1252
8107
9409
8526
7698
2975
8831
1393
4730
1812
7252
6109
4552
4851
2039
4820
6943
3842
5559
2136
5611
1569
6763
8136
6353
0736
1946
2441
3705
5242
5344
7423
7156
0546
6735
6126
9901
9059
4401
0807
7687
1832
9405
9673
1829
8697
5896
6804
3116
1194
5752
1256
0423
8231
8689
2286
0896
7745
2655
9102
2004
3358
9980
1734
4194
6107
5357
3790
1241
0793
4603
7557
2187
0986
2967
5461
2104
0998
6420
4907
6556
1145
3863
8630
5789
5634
3121
4120
3646
9561
6298
8651
0541
8474
0121
2040
7097
7138
5450
7401
2845
3769
1267
7150
0761
9297
6766
7311
7064
1115
7111
5604
7861
3150
2153
5512
9716
0931
8882
3887
5674
7093
6194
3494
2341
2258
3894
7637
2705
1786
5283
8356
7696
5954
8154
1224
3191
8955
0861
0201
9787
8140
3185
3700
2653
8043
3843
9309
9932
9019
3744
3889
9023
3608
3366
1205
6759
7398
9720
9329
8511
8063
5303
8461
0277
8289
1259
1815
5170
7838
9170
1736
1891
2399
3293
4692
8922
8732
6011
1844
1908
7997
3734
7230
9475
9563
1802
1092
9095
1703
9796
3513
6698
6244
9385
5514
7490
2607
9358
1462
0787
6049
8263
4084
0099
1284
9656
1573
9098
6753
3363
1872
4916
3292
0456
1981
1181
4221
6465
2387
5267
9507
9685
7762
2796
6758
0817
8253
7388
4745
8423
4805
1278
4054
0844
1602
7674
7272
7355
9622
9756
7257
1789
7422
1305
4471
8433
9829
8761
2414
6019
0710
3564
0791
5176
8456
8877
3345
8495
8170
7375
6222
8622
1143
1339
5004
4743
3984
5193
1231
3241
8202
4348
5628
0661
3947
2227
6382
2248
2587
7970
0247
0605
1074
5012
4830
8675
3855
5522
9665
0558
4430
2163
7665
9156
8745
1707
9399
7473
1954
9188
4391
0969
0609
4239
9117
0214
4443
3001
4105
0669
5952
0404
3542
3197
2064
7874
9894
2278
7493
0216
8161
4955
4879
6826
3841
0143
8503
6623
9896
1759
6404
0464
9029
9160
9531
2509
2029
1660
7563
0372
8665
0976
3028
5758
7382
6560
3662
5312
6777
7613
9857
9798
9339
0574
3824
1088
0048
8192
3420
9754
8489
7343
2277
3272
9331
4420
8692
4248
0588
0731
4950
4556
1823
1338
3288
6911
1211
8634
7251
4100
5768
4585
4473
5275
5995
1781
6029
2566
7653
2958
8148
2866
0872
0515
3792
4903
1481
9572
4620
4491
3436
0124
9288
4088
4379
1502
7714
6186
5963
0517
5798
9142
2697
0480
2102
6813
6378
7948
4703
1163
9047
4333
8863
1440
0077
4402
9585
5571
4722
2573
3561
9262
3566
7079
3371
6070
2415
5974
6557
8839
5814
7052
9753
1043
9071
1767
0972
4290
0550
8173
2513
3391
3094
1609
8928
4534
8876
5272
7945
8219
4122
1728
2817
3127
6458
6324
3433
7768
0351
8668
1850
2371
2095
5122
4909
8216
1696
7816
7465
0287
1745
1617
1997
0123
6783
2249
8981
9999
6480
6651
4044
1117
2803
4747
9781
5054
8909
7488
3162
0112
5029
8797
5540
9381
0960
3079
8343
1239
7367
4872
2098
7550
9483
2398
2440
9476
3403
4261
3074
5292
2313
6796
4665
1787
4652
3394
7685
6363
9666
2626
0918
3900
4517
1334
9548
2585
9637
2497
4123
7221
9396
7539
6666
3820
8419
0902
4125
4937
4713
3031
6884
9792
0127
4627
5345
2773
7498
6639
8236
2115
7110
6724
7742
5669
7818
2956
9919
0740
7607
6165
2574
4792
2807
6484
7664
8499
4922
9200
9440
7620
0711
7325
6993
7261
7925
0153
8717
3077
3490
6757
0168
0402
6207
3550
8585
6726
7662
4510
8345
6076
6530
7187
5199
2537
3452
9711
9206
3674
1198
8021
1705
3968
9779
1030
6149
9635
0990
0919
2087
1046
4485
8305
4800
6574
5354
7033
8020
2676
2122
8747
4302
7655
3488
7260
7893
4165
9250
5244
8019
7161
2867
7336
4628
4489
4445
7152
8175
9698
1986
5452
0886
4732
2084
9569
7181
8067
3177
4170
2164
9006
7486
6199
3940
9609
2988
1258
4753
5640
2551
2467
9321
3484
6691
9030
8247
2544
9370
5231
2107
4051
6376
8017
6024
1126
0751
1302
9962
8600
5447
4161
4137
0133
8541
1381
6089
4139
7937
3110
7899
7928
0783
6948
1282
4287
7845
2965
1218
6435
0070
5646
2143
8906
7703
0999
5014
2265
7391
5638
0228
1842
6008
8122
6233
3764
9097
8437
6662
0004
2114
7178
8800
0593
1704
8509
4948
6219
8912
1039
4778
0016
0729
3253
0356
2117
5808
1963
9242
5894
8412
2527
6628
5709
9278
5009
1689
1356
9003
2645
3015
9713
7784
2354
0352
3407
4929
5912
5700
2692
1107
3379
5920
9189
7091
8798
0235
0945
8030
1100
1871
7820
0545
1605
5429
4608
5879
8193
2952
1949
8359
5394
7266
2127
1090
9472
7441
6193
9122
7877
9247
1870
2815
0869
9597
4377
7494
7826
1939
2734
1713
5445
4209
9371
1434
4756
0047
3454
3096
7905
2929
4364
4508
3353
8307
7009
0626
0220
9221
0345
0005
2882
0584
0233
7892
9526
9323
3367
0906
4998
6582
3499
2201
5849
9904
2556
1803
4931
5668
0014
2097
4763
5377
7633
8524
1068
9631
5192
0367
2068
8022
2037
1535
4142
3102
8927
3549
3999
2293
9255
5612
8183
0413
5053
9249
0467
6800
0082
6345
4155
8777
4695
7053
3933
2567
1639
7673
2642
0792
8686
4495
9605
7416
6887
2749
4662
6656
1816
2757
8026
6110
6853
9394
2321
1233
9916
2283
7828
2006
0587
3528
9457
1483
9449
9106
4134
8904
3972
2054
6316
9881
8151
8587
4069
2062
6156
5418
9528
1674
5502
2050
8197
9640
2340
1318
8801
6038
1971
0820
5627
4863
7675
8358
6714
4966
8501
0393
1405
1565
5457
9081
8749
6059
5777
1887
4210
4677
7088
7270
9480
9443
3381
2664
5087
4286
8896
8280
9491
2308
1261
1116
3966
0017
3168
0064
5830
3386
5503
6228
5066
4815
1426
1047
6864
7169
1556
7807
4850
0229
1312
6977
0098
0514
9311
3323
8920
7728
5424
8469
3084
9951
6983
2435
0502
0479
3195
2191
7258
6549
7393
0823
1004
8979
3354
4693
1960
8339
7322
5617
5496
0695
7681
5323
5847
9473
8998
8948
3773
3593
6979
8918
8195
0442
5931
7327
1644
7342
9092
4001
3164
1106
8911
5973
5601
1753
7189
8285
5204
5329
7466
3429
1775
2155
5110
5657
2700
6592
5767
5582
4342
6039
4269
4188
9088
3995
4772
3335
2065
7694
6088
8364
1879
0549
3108
4184
8941
0240
2600
9662
8257
0072
4558
9935
8987
9833
1833
4463
5817
2392
5232
2687
9028
1739
5554
6144
9007
9690
0647
1687
1140
5411
2883
7439
8066
2996
7693
3025
7795
0389
0782
9201
4618
1113
6831
6540
1800
3602
2850
9691
3248
6609
9739
2260
2919
9573
7929
2855
9930
1805
8414
3502
5438
8387
7567
1171
6092
5501
1875
6986
7320
3435
6769
8059
8769
7730
2603
7432
8725
5137
6499
5749
6840
6687
8068
6729
0904
5362
6994
7982
3996
7593
0547
0821
0200
3036
3226
4908
8934
2696
9564
4015
7823
3816
0366
4222
6426
4724
0654
0806
2951
7965
6099
5846
9614
2715
2931
4114
2667
6131
0473
0620
7407
8293
7185
3016
2670
9355
0379
5302
4066
8455
9885
1166
3934
6927
9229
9366
4684
1112
2325
3707
7915
3200
0726
5062
5733
8522
9848
0141
1737
2118
1738
3318
5306
5746
6952
5320
6055
1263
5625
0264
4544
2895
9001
1313
8028
8228
7552
2000
8182
8003
7805
1005
1801
3840
5180
1845
9934
6152
7047
4335
9702
5906
9599
9775
1341
9846
8680
4317
3239
7847
6292
1587
5435
6440
3829
7026
3483
6119
1330
2058
6905
2768
4914
6916
7612
0416
8449
4008
3458
1179
8963
7743
0319
7044
6350
5587
2052
7621
9376
3129
7452
4622
2284
1431
7359
4323
9915
2306
4712
4874
6638
3876
3151
8040
5416
7315
9484
1369
4701
2230
5016
3378
2365
1989
0638
9205
5177
2185
9925
2420
7802
4455
7658
2898
2181
6914
8270
3666
7726
3575
6854
8999
8836
0424
3856
8266
8671
7114
7511
0139
8265
9406
9468
0501
5539
8597
6113
6736
8096
5474
2794
3055
9402
8740
4457
7195
7850
7671
6488
9553
4513
1200
9301
9322
9313
0901
5075
2548
3161
3010
2691
2507
3000
0724
2795
2827
1642
5150
5878
2739
8311
5427
0346
0538
1603
8849
4710
7972
1618
8859
3558
6523
5390
1001
4045
4028
2170
6792
2678
5128
6078
7307
4557
9129
3322
2424
8958
5252
1289
0865
1397
8636
3166
2427
0222
9681
2228
9611
8353
0500
5174
9900
9940
8374
8518
7153
6221
6043
7512
3975
4751
1622
6408
9502
1882
2540
5239
7497
4886
4232
0140
7417
3648
2830
8993
9595
1355
8916
4258
7739
1484
9469
7151
4887
2176
2391
1886
1972
3778
8649
1549
3725
2442
6071
0169
9387
6661
5432
6403
7545
2038
5944
2822
7616
5299
1937
9770
9506
0313
3223
7608
6217
0678
0858
0542
6001
1294
4130
0882
8644
9240
6381
7459
7941
3267
8241
9400
5131
3830
7426
2499
0439
7499
5324
9944
8982
9674
4543
1942
8176
5664
2614
6125
6253
6558
3951
7444
1024
9334
6550
8892
0851
9562
3062
8642
5748
0962
4190
6590
9590
9337
9964
8234
6600
1501
0450
1199
4172
2594
9365
9310
5067
7308
7652
7109
8159
4220
7358
6439
3091
1245
7811
9348
9173
5228
2273
9303
2889
0578
4082
5207
6472
4503
5977
9049
0519
5905
6084
7484
7559
6537
6680
2224
8826
3201
6278
5987
6035
1185
9688
5064
7822
2658
0800
9155
9924
1109
0459
3628
8000
8065
1519
2423
4648
0614
5330
2982
5182
7116
9755
0551
4973
9893
6774
9888
6971
9248
0458
6779
0716
4326
8748
2909
1852
3072
5532
2701
9132
1677
1932
6883
2443
0699
0956
6664
7973
6770
1389
4419
9883
9695
3284
3967
5421
6447
5270
0301
0061
4529
8951
1421
9352
7813
8226
8617
6677
9087
1382
1260
3515
3751
5943
9363
3326
5333
8097
3167
1070
1591
2932
2735
1161
1589
9154
0980
1119
8104
5273
4796
7370
2234
3065
0101
9679
3617
6354
5464
3686
8033
5678
6882
6867
5588
4679
4971
3154
8317
9584
3343
0399
7678
0203
5492
8592
2410
5688
6309
6163
3923
4632
1646
7427
3846
5549
0708
9835
0071
8200
0930
2823
4702
2923
8405
5245
1186
4475
9975
1446
3605
0612
4599
0299
2138
6873
4729
9807
4940
5971
7278
8240
4953
7705
7773
0197
1785
4370
4240
9421
5606
3914
9015
1327
3579
8845
5361
1269
8947
7035
1228
4354
9871
5658
9836
5112
8052
2924
8279
6319
2324
5101
6074
7139
4230
9465
8395
2295
3145
8676
0889
9021
5291
7782
5123
1626
8487
4425
7463
2096
4853
6541
5693
0900
7324
9220
3596
0205
7718
4920
6279
9953
3877
3365
8502
1427
7137
0562
9978
9906
3171
3721
0438
7291
7460
9827
2602
9991
0050
7323
5592
1322
7990
8333
8497
4183
0365
8719
5163
6427
8884
6069
6868
9256
3224
0871
8478
8815
1270
3844
2481
3817
8785
6273
1093
4356
0183
3196
5653
4432
6302
3998
0305
5981
4938
0261
6087
6857
8134
0961
2272
1277
3623
8704
8376
7132
1292
6526
0156
7546
7335
1035
5794
0625
9513
1910
2349
4643
3199
9325
5236
6175
7902
3190
9591
6483
5660
9260
9715
2721
8536
6684
4687
7440
4581
8332
3981
5181
1094
5787
7610
0151
9810
1998
3246
6375
8004
4790
3516
3063
1566
3828
3772
5063
3594
7640
9276
8773
1065
4499
4047
5884
0451
9832
9604
8473
4646
0065
6374
5309
0170
6301
4452
0640
5956
5919
2583
2433
7549
8961
1158
9326
1212
5385
9744
0975
8685
6100
9737
0476
6255
0482
8057
5398
6954
9830
8420
1055
4003
6333
2221
4023
0850
9136
5790
8943
4294
7007
7668
1425
5018
8768
7162
0561
4680
7410
7638
5046
3903
4968
3577
5888
5672
0369
1758
7873
3105
4537
9958
0078
2966
5058
3737
9567
5466
4363
3048
1655
8484
2123
3111
4191
6041
4225
2910
3138
6964
5504
3783
1235
9652
3470
8817
2989
6418
7999
8626
7280
3020
4336
2487
0129
0701
4480
2493
9267
9305
5651
9111
6151
1648
2999
6188
7519
5560
1353
7160
3527
6980
8609
3883
4453
4304
5564
7796
3690
3937
1548
5517
7751
0601
7804
2489
6431
8416
2541
1342
2760
1209
2482
3645
5923
6493
3117
3944
0843
2720
3165
5844
9875
9961
4725
1459
2933
2357
8147
8393
5020
4972
0965
4415
5050
0058
1378
1379
4831
8213
9527
0957
8765
7086
4092
4555
5171
7080
2928
1314
0894
6281
1033
0571
0995
5326
9266
1230
0273
2634
6162
3276
4563
4898
6989
6548
0569
1680
0189
1525
3086
1884
1139
7436
4442
3050
9277
0730
3530
5043
6050
8388
6314
7352
7059
3969
6201
4337
9550
6200
6637
7241
1897
4291
2486
5982
3624
1486
8373
1213
0285
8703
1638
7642
7173
2219
8678
4962
2405
1391
6722
4253
0755
8430
4731
3654
1650
0652
4810
5414
6111
6925
2378
8864
3774
8428
6132
6282
2342
4780
8974
5146
7953
1653
0548
7387
7203
2864
5463
0084
2009
9120
7131
0280
9997
8842
3771
9785
3149
6514
8297
1011
9923
5167
9725
7299
4132
6102
7775
7757
8854
8889
6517
3417
5684
5670
4327
8914
5114
5076
6794
2961
8050
4833
5910
8217
5136
0395
2276
3581
3718
9952
0670
7234
9643
3665
6686
7282
7505
4841
1927
7259
4671
9657
4353
0777
1114
7946
9185
3504
9016
5155
7424
0410
1432
6274
8580
5356
4706
4407
9880
9166
5470
8818
4561
6657
7002
5052
7635
5293
4048
1999
9441
9471
0672
8824
5106
8900
9009
4967
6966
6676
0311
4822
8299
1441
3960
3672
1275
6456
8314
0013
4390
9982
0063
3548
5865
4465
2196
0259
0293
9742
3368
5068
4884
6749
2637
6172
4970
4182
7164
8254
2419
0310
7793
9549
1966
1134
0443
3046
1347
1493
3081
3418
3434
9839
8250
9701
3938
3155
5545
2770
8848
0873
9912
5898
1463
4663
9759
3826
2165
0320
9162
2231
5389
5795
5035
7262
5191
4539
8733
8543
4958
7771
9921
3818
2429
5843
0862
5551
4758
6776
7117
1368
2702
2157
5513
3005
3867
5803
8720
5268
4737
3853
6808
0504
1102
2186
7411
9676
4755
4357
2695
6746
7351
0891
0895
7101
4935
1029
2025
1017
0839
4742
5579
1685
8142
6455
7734
7981
6428
2269
3304
0135
0468
1013
0318
5778
8185
5090
2821
9618
3621
6902
6415
8735
4890
6010
3920
8244
4394
2472
6805
5856
2886
4749
4590
7947
2223
6806
3037
7641
7419
0632
9101
1830
6773
9933
5730
4577
8130
2663
8304
4368
4211
1840
5707
9523
5482
2017
8760
1467
9466
7927
6261
9895
5462
7313
4816
2983
2257
8322
7846
4366
4661
5719
2985
7008
8093
5751
5229
9804
5121
2963
1777
1911
3930
9799
1203
3946
0837
9135
6642
7170
3740
8064
9089
6230
4482
7369
2498
6535
8716
9364
9769
3426
2247
1924
2046
7748
0867
7832
2503
6723
1975
4347
7003
3592
0454
9342
3543
0560
3559
4089
6160
1892
7399
0981
8890
8559
7334
2646
1283
5801
7769
8408
2034
8468
3406
5925
6395
7760
7749
5145
0641
6060
9318
2335
7405
5152
6745
3691
2368
8260
7789
2337
7508
6184
6030
5442
4630
4530
9902
0110
3137
2838
9582
8113
4945
9429
0032
6490
0866
7672
4418
7294
1234
2458
0083
2119
9616
5465
3136
9870
4086
7250
3743
2438
2236
3068
4522
1540
5048
9965
2588
6880
1362
7127
5665
1681
3862
8259
7428
7884
2519
0154
0537
5157
2804
2668
3847
4173
0387
8404
5455
1367
8512
8251
3075
9850
2465
6956
9922
3453
7207
2549
7038
6438
2713
0987
2752
1490
8171
3103
5201
2885
9987
8156
6203
9194
0361
3125
4234
4925
0809
0231
9577
9315
9234
9275
0616
5929
0492
8407
7495
7115
0263
0120
6958
1757
9112
6227
6323
3438
6240
7755
7959
3667
5558
0715
4785
1552
4549
4613
3544
3221
0879
4065
5499
