11111111
22222222
33333333
44444444
55555555
66666666
77777777
88888888
99999999
00000000
11116666
22226666
33336666
44446666
55556666
77776666
88886666
99996666
00006666
11115555
22225555
33335555
44445555
66665555
77775555
88885555
99995555
00005555
11119999
22229999
33339999
44449999
55559999
66669999
77779999
88889999
00009999
11114444
22224444
33334444
55554444
66664444
77774444
88884444
99994444
00004444
11223344
55667788
12345678
87654321
11112222
22224444
33339999
44441111
11117777
12121212
10101010
20202020
50505050
01234567
12341234
11221122
88885555
77774444
66663333
55552222
67676767
68686868
69696969
70707070
71717171
72727272
73737373
74747474
75757575
76767676
78787878
79797979
81818181
82828282
83838383
84848484
85858585
86868686
87878787
89898989
91919191
92929292
93939393
94949494
95959595
96969696
97979797
98989898
12120000
23230000
34340000
45450000
56560000
67670000
78780000
89890000
11223300
44556600
77889900
99881122
88772233
77663344
66554455
55445566
44336677
33227788
22118899
12312344
23423455
34534566
45645677
56756788
67867899
78978900
11221188
11221199
22332244
33443355
44554466
55665577
66776688
77887799
88998800
10109090
20208080
30307070
40406060
50504040
60603030
70702020
80801010
11331133
22442244
10011002
10011003
10011004
10011005
10011006
10011007
10011008
10011009
11229988
22338877
33447766
44556655
55665544
66774433
77883322
88992211
99001100
11223366
11223377
11223388
12131416
12131417
12131418
12131419
12131420
20212023
20212024
20212025
20212026
20212027
31314141
41415151
51516161
61617171
71718181
81819191
91910101
12344322
12344323
12344324
12344325
12344326
11114444
22225555
33336666
44447777
55558888
66669999
77770000
88881111
99992222
00003333
10020030
10020040
10020050
10020060
10020070
10020080
10020090
20030040
12124444
23235555
34346666
45457777
56568888
67679999
78780000
89891111
90902222
01013333
11121113
22232224
33343335
44454446
55565557
66676668
77787779
88898880
99909991
10105050
20206060
30307070
40408080
50509090
11441144
22552255
33663366
44774477
55885588
66996699
77007700
88118811
99229922
12312312
32132132
45645645
65465465
78978978
98798798
00010002
10001000
20002000
30003000
40004000
50005000
60006000
70007000
80008000
90009000
11110011
22220022
33330033
44440044
55550055
66660066
77770077
88880088
99990099
12345543
56788765
11223301
11223302
11223303
11223304
11223305
11223306
11223307
11223308
11223309
11223310
21212121
32323232
43434343
54545454
65656565
76767676
87878787
98989898
09090909
10100101
12122121
34344343
56566565
78788787
90900909
11227788
33449900
55661122
77883344
99005566
12347777
23457777
34567777
45677777
56787777
67897777
78907777
89017777
90127777
01237777
11113333
22224444
33335555
44446666
55557777
66668888
77779999
88880000
12312355
23423466
34534577
45645688
56756799
67867800
78978911
89089022
90190133
10010110
20020220
30030330
40040440
50050550
60060660
70070770
80080880
90090990
11221122
33443344
55665566
77887788
99009900
11335511
22446622
33557733
44668844
55779955
12124343
23235454
34346565
45457676
28461937
59204816
31758240
64917305
82059164
47136295
93850172
10594836
72649150
38572014
61928473
40517936
82736415
59104827
36481725
70295143
18374625
95104837
26485931
60372841
49581726
81726354
30495867
52718493
94628175
13524678
86421357
75310246
24681035
97531864
48261937
15926348
73849501
62017483
51423609
80917263
47586910
29384756
10293847
56473829
84736251
19283746
37465829
61524370
90817263
58473621
17263549
48392017
62514039
83746592
11224455
66778899
99887766
11115555
22226666
33337777
44448888
55550000
12123434
43432121
56567878
98987676
11223311
22334422
10102020
30304040
12340000
00001234
11119999
99991111
11225566
22336677
33447788
44558899
55669900
66770011
77881122
88992233
99003344
11335577
22446688
00224466
11447711
22558822
33669933
10204050
20305060
30406070
40507080
50608090
12345679
98765430
11118888
22227777
33336666
44445555
66661111
77772222
88883333
99994444
00005555
11223345
22334456
33445567
44556678
55667789
66778890
11122233
44455566
77788899
00011122
12125656
34347878
90901212
21214343
65658787
12128888
34349999
56560000
78781111
11112345
22223456
33334567
44445678
55556789
66667890
12341122
23452233
34563344
45674455
56785566
67896677
78907788
12123333
23234444
34345555
45456666
56567777
67678888
78789999
11220000
33440000
55660000
77880000
99110000
11111212
22222323
33333434
44444545
55555656
10101020
20202030
30303040
40404050
50505060
11121314
22232425
33343536
44454647
55565758
66676869
77787980
88899091
99901112
12312300
45645611
78978922
11223355
11223366
11223399
22334400
11111122
22222233
33333344
44444455
55555566
66666677
77777788
88888899
99999900
00000011
12341235
23452346
34563457
45674568
56785679
67896780
11224466
22335577
33446688
44557799
11133355
22244466
33355577
44466688
55577799
10103030
20204040
30305050
40406060
50507070
60608080
70709090
11121112
22232223
33343334
44454445
55565556
66676667
77787778
88898889
99909990
12312311
23423422
34534533
45645644
56756755
67867866
78978977
89089088
90190199
01201200
11001100
22002200
33003300
44004400
55005500
66006600
77007700
88008800
99009900
11221133
22332244
33443355
44554466
55665577
66776688
77887799
88998811
99009911
11116666
22227777
33338888
44449999
55551111
66662222
77773333
88884444
99995555
00006666
12344321
56788765
13571357
24682468
02460246
13579135
24680246
35791357
46802468
57913579
11223344
12345678
22334455
33445566
44556677
55667788
66778899
77889900
88990011
99001122
00112233
12121212
23232323
34343434
45454545
56565656
67676767
78787878
89898989
90909090
01010101
11111111
22222222
33333333
44444444
55555555
66666666
77777777
88888888
99999999
00000000
10101010
20202020
30303030
40404040
50505050
60606060
70707070
80808080
90909090
11110000
22220000
33330000
44440000
55550000
66660000
77770000
88880000
99990000
11221122
33443344
55665566
77887788
99009900
12341234
56785678
90129012
34563456
78907890
11114444
22225555
33336666
44447777
55558888
66669999
77770000
88881111
99992222
00003333
12348888
56789999
11225555
22336666
33447777
44558888
55669999
66770000
10203040
20304050
30405060
40506070
50607080
60708090
70809000
12124444
23235555
34346666
45457777
56568888
67679999
78780000
89891111
90902222
01013333
11331133
22442244
33553355
44664466
55775577
66886688
77997799
88008800
99119911
12312312
23423423
34534534
45645645
56756756
67867867
78978978
89089089
90190190
01201201
11112222
22223333
33334444
44445555
55556666
66667777
77778888
88889999
99990000
10011001
20022002
30033003
40044004
50055555
60066666
70077777
80088888
90099999
00001212
11223322
22334433
33445544
44556655
55667766
66778877
77889988
88990099
99001100
11227788
33449900
55661122
77883344
99005566
12347777
23457777
34567777
45677777
56787777
67897777
78907777
89017777
90127777
01237777
11113333
22224444
33335555
44446666
55557777
66668888
77779999
88880000
12312355
23423466
34534577
45645688
56756799
67867800
78978911
89089022
90190133
10010110
20020220
30030330
40040440
50050550
60060660
70070770
80080880
90090990
11335511
22446622
33557733
44668844
55779955
12124343
23235454
34346565
45457676
11115555
22226666
33337777
44448888
55559999
66660000
77771111
88882222
99993333
00004444
12120001
23230002
34340003
45450004
56560005
67670006
78780007
89890008
90900009
01010010
11221100
22332200
33443300
44554400
55665500
66776600
77887700
88998800
99009900
10109999
20208888
30307777
40406666
50505555
60604444
70703333
80802222
90901111
12349876
43215678
11117777
22228888
33339999
44440000
55551111
66662222
77773333
88884444
99995555
00006666
12129999
23238888
34347777
45456666
56565555
67674444
78783333
89892222
90901111
12127777
23237777
34347777
45457777
56567777
67677777
78787777
89897777
90907777
11226666
22336666
33446666
44556666
55666666
66776666
77886666
88996666
99006666
11114321
22224321
33334321
44444321
55554321
66664321
77774321
88884321
99994321
12340123
23450123
34560123
45670123
56780123
67890123
78900123
89010123
90120123
11115678
22225678
33335678
44445678
55555678
66665678
77775678
88885678
99995678
12341111
23452222
34563333
45674444
56785555
67896666
78907777
89018888
90129999
11223377
11223388
11223399
22334477
22334488
22334499
33445577
33445588
33445599
44556677
44556688
44556699
11122211
22233322
33344433
44455544
55566655
66677766
77788877
88899988
99900099
12121233
23232344
34343455
45454566
56565677
67676788
78787899
11110001
11110002
11110003
11110004
11110005
11110006
11110007
11110008
11110009
22220001
22220002
22220003
22220004
22220005
22220006
22220007
22220008
22220009
33330001
33330002
33330003
33330004
33330005
33330006
33330007
33330008
33330009
44440001
44440002
44440003
44440004
44440005
44440006
44440007
44440008
44440009
55550001
55550002
55550003
55550004
55550005
55550006
55550007
55550008
55550009
12345123
12345234
12345345
12345456
12345567
12345678
12345789
12345890
11221144
22332255
33443366
44554477
55665588
66776699
77887700
88998811
99009922
12124545
34346767
56568989
78780101
90902323
11122212
22233323
33344434
44455545
55566656
66677767
77788878
88899989
99900090
10101011
20202022
30303033
40404044
50505055
60606066
70707077
80808088
90909099
11111188
22222288
33333388
44444488
55555588
66666688
77777788
88888888
99999988
12344444
23455555
34566666
45677777
56788888
67899999
78900000
11112233
22223344
33334455
44445566
55556677
66667788
77778899
88889900
99990011
12123344
34345566
56567788
78789900
90901122
12126767
23237878
34348989
45459090
56560101
11110101
22220202
33330303
44440404
55550505
66660606
77770707
88880808
99990909
12121111
23232222
34343333
45454444
56565555
67676666
78787777
89898888
90909999
12121122
23232233
34343344
45454455
56565566
67676677
78787788
89898899
90909900
01010011
11115511
22226622
33337733
44448844
55559955
66660066
77771177
88882288
99993399
00004400
11112211
22223322
33334433
44445544
55556655
66667766
77778877
88889988
99990099
00001100
12341200
23452300
34563400
45674500
56785600
67896700
78907800
89018900
90129000
01230100
10105555
20206666
30307777
40408888
50509999
60600000
70701111
80802222
90903333
01014444
11223321
22334432
33445543
44556654
55667765
66778876
77889987
88990098
99001109
00112210
12312313
23423424
34534535
45645646
56756757
67867868
78978979
89089081
90190192
01201203
11111101
11111102
11111103
11111104
11111105
11111106
11111107
11111108
11111109
22222201
22222202
22222203
22222204
22222205
22222206
22222207
22222208
22222209
33333301
33333302
33333303
33333304
33333305
33333306
33333307
33333308
33333309
44444401
44444402
44444403
44444404
44444405
44444406
44444407
44444408
44444409
55555501
55555502
55555503
55555504
55555505
55555506
55555507
55555508
55555509
12312377
12312388
12312399
23423477
23423488
23423499
34534577
34534588
34534599
45645677
45645688
45645699
56756777
56756788
56756799
11223355
22334466
33445577
44556688
55667799
66778800
77889911
88990022
99001133
00112244
11224411
22335522
33446633
44557744
55668855
66779966
77880077
88991188
99002299
00113300
10102030
20203040
30304050
40405060
50506070
60607080
70708090
80809000
90900010
01011020
11114411
22225522
33336633
44447744
55558855
66669966
77770077
88881188
99992299
00003300
12345611
12345622
12345633
12345644
12345655
12345666
12345677
12345688
12345699
12345600
65432111
65432122
65432133
65432144
65432155
65432166
65432177
65432188
65432199
65432100
11112221
22223332
33334443
44445554
55556665
66667776
77778887
88889998
99990009
00001110
12124412
23235523
34346634
45457745
56568856
67679967
78780078
89891189
90902290
01013301
11221155
22332266
33443377
44554488
55665599
66776600
77887711
88998822
99009933
00110044
11117711
22228822
33339933
44440044
55551155
66662266
77773377
88884488
99995599
00006600
12312366
23423477
34534588
45645699
56756700
11121311
22232422
33343533
44454644
55565755
66676866
77787977
88899088
99901199
00010200
11112311
22223422
33334533
44445644
55556755
66667866
77778977
88889088
99990199
00001200
10203010
20304020
30405030
40506040
50607050
60708060
70809070
80900080
90001090
01203001
12345612
23456723
34567834
45678945
56789056
67890167
78901278
89012389
90123490
01234501
11223312
22334423
33445534
44556645
55667756
66778867
77889978
88990089
99001190
00112201
11110011
22220022
33330033
44440044
55550055
66660066
77770077
88880088
99990099
00001100
12128812
23239923
34340034
45451145
56562256
67673367
78784478
89895589
90906690
01017701
11331133
22442244
33553355
44664466
55775577
66886688
77997799
88008800
99119911
00220022
12341234
23452345
34563456
45674567
56785678
67896789
78907890
89018901
90129012
01230123
11110101
22220202
33330303
44440404
55550505
66660606
77770707
88880808
99990909
00001010
11223311
22334422
33445533
44556644
55667755
66778866
77889977
88990088
99001199
00112200
11119911
22228822
33337733
44446644
55554455
66663366
77772277
88881188
99990099
10104444
20205555
30306666
40407777
50508888
60609999
70700000
80801111
90902222
01013333
11122211
22233322
33344433
44455544
55566655
66677766
77788877
88899988
99900099
11223322
12123333
23234444
34345555
45456666
56567777
67678888
78789999
89890000
90901111
01012222
12344444
23455555
34566666
45677777
56788888
67899999
78900000
89011111
90122222
01233333
11110000
22220000
33330000
44440000
55550000
66660000
77770000
88880000
99990000
10203040
20304050
30405060
40506070
50607080
60708090
70809000
80900010
12341234
23452345
34563456
45674567
56785678
67896789
78907890
89018901
90129012
11335511
22446622
33557733
44668844
55779955
12124545
23235656
34346767
45457878
56568989
67679090
78780101
89891212
90902323
11001122
22002233
33003344
44004455
55005566
66006677
77007788
88008899
99009900
10101010
21212121
32323232
43434343
54545454
65656565
76767676
87878787
98989898
12123434
34345656
56567878
78789090
90901212
11221122
22332233
33443344
44554455
55665566
66776677
77887788
88998889
99009900
11112222
33334444
55556666
77778888
99990000
11223344
22334455
33445566
44556677
55667788
66778899
77889900
11111122
22222233
33333344
44444455
55555566
66666677
77777788
88888899
99999900
12345555
23456666
34567777
45678888
56789999
11221133
22332244
33443355
44554466
55665577
66776688
77887799
88998800
12340011
23450022
34560033
45670044
56780055
67890066
78900077
11441144
22552255
33663366
44774477
55885588
66996699
77007700
10102020
20203030
30304040
40405050
50506060
60607070
70708080
80809090
90900000
11221144
22332255
33443366
44554477
55665588
66776699
77887700
11112211
22223322
33334433
44445544
55556655
66667766
77778877
11223366
22334477
33445588
44556699
55667700
12312312
23423423
34534534
45645645
56756756
67867867
78978978
89089089
11113333
22224444
33335555
44446666
55557777
66668888
77779999
88880000
12126666
23237777
34348888
45459999
56560000
67671111
78782222
89893333
90904444
01015555
11224422
22335533
33446644
44557755
55668866
66779977
77880088
88991199
99002200
11221166
22332277
33443388
44554499
55665500
66776611
77887722
88998833
99009944
00110055
11116611
22227722
33338833
44449944
55550055
66661166
77772277
88883388
99994499
11224466
22335577
33446688
44557799
55668800
66779911
77880022
88991133
99002244
11335500
22446600
33557700
44668800
55779900
12341111
23452222
34563333
45674444
56785555
67896666
78907777
89018888
90129999
01230000
11110123
22220123
33330123
44440123
55550123
66660123
77770123
88880123
99990123
12122323
34344545
56566767
78788989
90900101
11111133
22222244
33333355
44444466
55555577
66666688
77777799
88888800
99999911
12344321
43211234
56788765
87655678
10101111
20202222
30303333
40404444
50505555
60606666
70707777
80808888
90909999
11223344
44332211
12128888
34348888
56568888
78788888
12312345
23423456
34534567
45645678
56756789
67867890
11221199
22332288
33443377
44554466
55665544
66776633
77887722
88998811
99009911
11113311
22224422
33335533
44446644
55557755
66668866
77779977
88880088
10103030
20204040
30305050
40406060
50507070
60608080
70709090
11122211
22233322
33344433
44455544
55566655
66677766
77788877
11221144
22332255
33443366
44554477
55665588
66776699
77887700
11110000
12345555
23456666
34567777
45678888
56789999
11221111
22332222
33443333
44554444
55665555
66776666
77887777
88998888
99009999
11115678
22225678
33335678
44445678
55555678
12340000
23450000
34560000
45670000
56780000
11221212
22332323
33443434
44554545
55665656
66776767
77887878
88998989
99009090
10109090
20208080
30307070
40406060
50504040
11121314
21222324
31323334
41424344
51525354
61626364
71727374
81828384
91929394
01020304
11223300
22334400
33445500
44556600
55667700
66778800
77889900
88990000
11111112
22222223
33333334
44444445
55555556
66666667
77777778
88888889
99999990
12349999
23459999
34569999
45679999
56789999
12127788
23237788
34347788
45457788
56567788
11114444
22225555
33336666
44447777
55558888
66669999
77770000
11225588
22336699
33447700
44558811
55669922
12120101
23230202
34340303
45450404
56560505
67670606
78780707
89890808
90900909
10203050
20304060
30405070
40506080
50607090
11112233
33334455
55556677
77778899
99990011
12344444
23455555
34566666
45677777
56788888
67899999
78900000
11223377
22334488
33445599
44556600
55667711
10101212
20202323
30303434
40404545
50505656
11119876
22229876
33339876
44449876
55559876
11221122
22332233
33443344
44554455
55665566
66776667
77887778
88998889
99009990
12345000
23456000
34567000
45678000
56789000
11118811
22229922
33330033
44441144
55552255
11221155
22332266
33443377
44554488
55665599
11121112
22232223
33343334
44454445
55565556
12121244
23232355
34343466
45454577
56565688
10101099
20202088
30303077
40404066
50505055
11223311
22334422
33445533
44556644
55667755
12129912
23239923
34349934
45459945
56569956
11117777
22226666
33335555
44444444
55553333
11223388
22334499
33445500
44556611
55667722
12126666
23236666
34346666
45456666
56566666
10203010
20304020
30405030
40506040
50607050
11114411
22225522
33336633
44447744
55558855
11225522
22336633
33447744
44558855
55669966
12340123
23450123
34560123
45670123
56780123
11111234
22221234
33331234
44441234
55551234
11223344
55667788
99001122
33445566
77889900
11110011
22220022
33330033
44440044
55550055
12121211
23232322
34343433
45454544
56565655
10201020
20302030
30403040
40504050
50605060
11221177
22332288
33443399
44554400
55665511
11112222
33334444
55556666
77778888
99990000
12341234
56785678
90129012
34563456
78907890
11223355
22334466
33445577
44556688
55667799
11118888
22227777
33336666
44445555
55554444
12345678
87654321
11221122
33443344
55665566
10101010
20202020
30303030
40404040
50505050
11111111
22222222
33333333
44444444
55555555
66666666
77777777
88888888
99999999
00000000
12121212
23232323
34343434
45454545
56565656
67676767
78787878
89898989
90909090
01010101
11224422
22335533
33446644
44557755
55668866
12345123
23456234
34567345
45678456
56789567
11115555
22226666
33337777
44448888
55559999
11223344
55667788
99112233
44556677
88990011
12123434
45456767
78789090
01012323
34345656
11112211
22223322
33334433
44445544
55556655
11223366
22334477
33445588
44556699
55667700
12312312
23423423
34534534
45645645
56756756
11113333
22224444
33335555
44446666
55557777
12126666
23237777
34348888
45459999
56560000
11223311
22334422
33445533
44556644
55667755
12121111
23232222
34343333
45454444
56565555
10102020
20203030
30304040
40405050
50506060
11221144
22332255
33443366
44554477
55665588
12340011
23450022
34560033
45670044
56780055
11112211
22223322
33334433
44445544
55556655
11223399
22334400
33445511
44556622
55667733
66778844
77889955
88990066
99001177
00112288
10203060
20304070
30405080
40506090
50607000
11117788
22228899
33339900
44440011
55551122
12125555
23236666
34347777
45458888
56569999
11221100
22332211
33443322
44554433
55665544
11121113
22232224
33343335
44454446
55565557
10108888
20207777
30306666
40405555
50504444
11223340
22334450
33445560
44556670
55667780
12341230
23452340
34563450
45674560
56785670
11111155
22222255
33333355
44444455
55555555
12121255
23232355
34343455
45454555
56565655
11225522
22336633
33447744
44558855
55669966
10101077
20202077
30303077
40404077
50505077
11110001
11110002
11110003
11110004
11110005
22220001
22220002
22220003
22220004
22220005
33330001
33330002
33330003
33330004
33330005
44440001
44440002
44440003
44440004
44440005
55550001
55550002
55550003
55550004
55550005
12345111
23456222
34567333
45678444
56789555
11223312
22334423
33445534
44556645
55667756
10102030
11221122
33443344
55665566
77887788
99009900
12124321
23234321
34344321
45454321
56564321
11111222
22222333
33333444
44444555
55555666
66666777
77777888
88888999
99999000
12341122
43211122
12129999
23239999
34349999
45459999
56569999
11220011
22330022
33440033
44550044
55660055
12121200
23232300
34343400
45454500
56565600
11118811
22228822
33338833
44448844
55558855
11335577
22446688
00224466
11447700
22558800
33669900
11223344
22334455
33445566
44556677
55667788
66778899
77889900
11224422
22335533
33446644
44557755
55668866
12312388
23423488
34534588
45645688
56756788
10203040
11112211
22223322
33334433
44445544
55556655
12127712
23237723
34347734
45457745
56567756
11223377
22334488
33445599
44556600
55667711
11121112
22232223
33343334
44454445
55565556
12340123
23450123
34560123
45670123
56780123
11111234
22221234
33331234
44441234
55551234
10105050
20206060
30307070
40408080
50509090
11223355
22334466
33445577
44556688
55667799
12128888
23238888
34348888
45458888
56568888
11110011
22220022
33330033
44440044
55550055
11221133
22332244
33443355
44554466
55665577
11115555
22226666
33337777
44448888
55559999
11221122
33443344
55665566
77887788
99009900
12341234
56785678
90129012
34563456
78907890
11112222
33334444
55556666
77778888
99990000
11221144
22332255
33443366
44554477
55665588
12340011
23450022
34560033
45670044
56780055
11113333
22224444
33335555
44446666
55557777
12126666
23237777
34348888
45459999
56560000
11223311
22334422
33445533
44556644
55667755
12121111
23232222
34343333
45454444
56565555
10102020
20203030
30304040
40405050
50506060
11112211
22223322
33334433
44445544
55556655
11223366
22334477
33445588
44556699
55667700
12312312
23423423
34534534
45645645
56756756
11118888
22227777
33336666
44445555
55554444
12345678
87654321
11221122
33443344
55665566
10101010
20202020
30303030
40404040
50505050
11111111
22222222
33333333
44444444
55555555
66666666
77777777
88888888
99999999
00000000
12121212
23232323
34343434
45454545
56565656
67676767
78787878
89898989
90909090
01010101
11224422
22335533
33446644
44557755
55668866
12345123
23456234
34567345
45678456
56789567
11223344
55667788
99001122
33445566
77889900
11110011
22220022
33330033
44440044
55550055
12121211
23232322
34343433
45454544
56565655
10201020
20302030
30403040
40504050
50605060
11221177
22332288
33443399
44554400
55665511
11114411
22225522
33336633
44447744
55558855
11225522
22336633
33447744
44558855
55669966
11111234
22221234
33331234
44441234
55551234
11223344
55667788
99001122
33445566
77889900
11112233
22223344
33334455
44445566
55556677
12123344
34345566
56567788
78789900
90901122
12126767
23237878
34348989
45459090
56560101
11110101
22220202
33330303
44440404
55550505
12121111
23232222
34343333
45454444
56565555
67676666
78787777
89898888
90909999
11223377
11223388
11223399
22334477
22334488
22334499
33445577
33445588
33445599
44556677
44556688
44556699
11122211
22233322
33344433
44455544
55566655
66677766
77788877
88899988
99900099
12121233
23232344
34343455
45454566
56565677
67676788
78787899
12345123
12345234
12345345
12345456
12345567
12345678
12345789
12345890
11221144
22332255
33443366
44554477
55665588
66776699
77887700
88998811
99009922
10101011
20202022
30303033
40404044
50505055
60606066
70707077
80808088
90909099
11111188
22222288
33333388
44444488
55555588
12344444
23455555
34566666
45677777
56788888
67899999
78900000
11112233
22223344
33334455
44445566
55556677
00001111
00002222
00003333
00004444
00005555
00007777
00008888
00009999
11116666
11119999
22221111
22226666
22228888
22229999
33331111
33332222
33338888
33339999
44441111
44442222
44443333
44446666
44448888
44449999
55551111
55552222
55553333
55554444
55556666
55557777
55558888
66661111
66662222
66663333
66664444
66665555
66668888
77771111
77772222
77773333
77774444
77775555
77776666
88882222
88883333
88884444
88885555
88886666
88887777
88889999
99991111
99993333
99994444
99995555
99996666
99997777
99998888
11221122
22332233
33443344
44554455
55665566
66776677
77887788
88998899
99009900
00110011
12121212
23232323
34343434
45454545
56565656
67676767
78787878
89898989
90909090
01010101
11112222
33334444
55556666
77778888
99990000
10101010
20202020
30303030
40404040
50505050
12341234
56785678
90129012
11223344
55667788
99887766
44332211
11001100
22002200
33003300
44004400
55005500
66006600
77007700
11221133
22332244
33443355
44554466
55665577
66776688
77887799
88998800
99009911
11331133
22442244
33553355
44664466
55775577
66886688
77997799
88008800
11119999
22228888
33337777
44446666
55554444
66663333
77772222
88881111
99990000
10203040
20304050
30405060
40506070
50607080
60708090
70809000
01020304
11223300
22334400
33445500
44556600
55667700
66778800
77889900
88990000
11110001
11110002
11110003
11110004
11110005
22220001
22220002
22220003
22220004
22220005
33330001
33330002
33330003
33330004
33330005
12345600
23456700
34567800
45678900
56789000
11223377
22334488
33445599
44556600
55667711
12128888
23238888
34348888
45458888
56568888
11110011
22220022
33330033
44440044
55550055
11221144
22332255
33443366
44554477
55665588
66776699
77887700
11112211
22223322
33334433
44445544
55556655
66667766
77778877
11223366
22334477
33445588
44556699
55667700
12312355
23423466
34534577
45645688
56756799
67867800
11113333
22224444
33335555
44446666
55557777
12126666
23237777
34348888
45459999
56560000
11223311
22334422
33445533
44556644
55667755
12121111
23232222
34343333
45454444
56565555
10102020
20203030
30304040
40405050
50506060
11221122
33443344
55665566
77887788
99009900
12341234
56785678
90129012
34563456
78907890
11112222
33334444
55556666
77778888
99990000
11221155
22332266
33443377
44554488
55665599
12340011
23450022
34560033
45670044
56780055
10101010
21212121
32323232
43434343
54545454
65656565
76767676
87878787
98989898
11111188
22222288
33333388
44444488
55555588
12344444
23455555
34566666
45677777
56788888
11112233
22223344
33334455
44445566
55556677
12123344
34345566
56567788
78789900
90901122
12126767
23237878
34348989
45459090
56560101
11110101
22220202
33330303
44440404
55550505
11223312
22334423
33445534
44556645
55667756
11221188
22332299
33443300
44554411
55665522
66776633
77887744
88998855
99009966
00110077
11447711
22558822
33669933
44770044
55881155
66992266
77003377
88114488
99225599
00336600
11112345
22223456
33334567
44445678
55556789
11223340
22334450
33445560
44556670
55667780
66778890
10203099
20304099
30405099
40506099
50607099
11224488
22335599
33446600
44557711
55668822
12123456
23234567
34345678
45456789
56567890
11221199
22332288
33443377
44554466
55665544
66776633
77887722
88998811
99009900
11115678
22226789
33337890
44448901
55559012
11223344
22334455
33445566
44556677
55667788
66778899
77889900
88990011
99001122
75967596